500
500
500
500
500
500
500
500
500
500
500
500
500
500
500
500
500
500
500
500
500
500
500
500
500
500
500
500
500
500
500
500
500
500
500
500
500
500
500
500
500
500
500
500
500
500
500
500
500
500
500
500
500
500
500
500
500
500
500
500
500
500
500
500
500
500
500
500
500
500
500
500
500
500
500
500
500
500
500
500
500
500
500
500
500
500
500
500
500
500
500
500
500
500
500
500
500
500
500
500
500
500
500
500
500
500
500
500
500
500
500
500
500
500
500
500
500
500
500
500
500
500
500
500
500
500
500
500
500
500
500
500
500
500
500
500
500
500
500
500
500
500
500
500
500
500
500
500
500
500
500
500
500
500
500
500
500
500
500
500
500
500
500
500
500
500
500
500
500
500
500
500
500
500
500
500
500
500
500
500
500
500
500
500
500
500
500
500
500
500
500
500
500
500
500
500
500
500
500
500
500
500
500
500
500
500
500
500
500
500
500
500
500
500
500
500
500
500
500
500
500
500
500
500
500
500
500
500
500
500
500
500
500
500
500
500
500
500
500
500
500
500
500
500
500
500
500
490
474
500
500
500
500
500
500
500
500
500
500
500
500
500
500
500
500
500
500
500
500
500
500
500
500
500
500
500
500
500
500
500
500
500
500
500
500
500
500
500
500
500
500
500
500
500
500
500
500
500
500
500
500
500
500
500
500
500
500
500
500
500
500
500
500
500
500
500
500
500
500
500
500
500
500
500
500
500
500
500
500
500
500
500
500
500
500
500
500
500
500
500
500
500
500
500
500
500
500
500
500
500
500
500
500
500
500
500
500
500
500
500
500
500
500
500
500
500
500
500
500
500
500
500
500
500
500
500
500
493
486
500
500
500
500
500
500
500
500
500
500
500
500
500
500
500
500
500
500
500
500
500
500
500
500
500
500
500
500
500
500
500
500
500
500
500
500
500
500
500
500
500
500
500
500
500
500
500
500
500
500
500
500
500
500
500
500
500
500
500
500
500
500
500
500
500
500
500
500
500
500
500
500
500
500
500
500
500
500
500
500
500
500
500
500
500
500
500
500
500
500
500
500
500
500
500
500
500
500
500
500
500
500
500
500
500
500
500
500
500
500
500
500
500
500
500
500
500
500
500
500
500
500
500
500
500
500
500
500
500
500
500
500
500
500
500
500
500
500
500
500
500
500
500
500
500
500
500
500
500
500
500
500
500
500
500
500
500
500
500
500
500
500
500
500
500
500
500
500
500
500
500
500
500
500
500
500
500
500
500
500
500
500
500
500
500
500
500
500
500
500
500
500
500
500
500
500
500
500
500
500
500
500
500
500
500
497
500
466
500
500
500
500
500
500
500
500
500
500
500
500
500
500
500
500
500
500
500
500
500
500
500
500
500
500
500
500
500
500
500
500
500
500
500
500
500
500
500
500
500
500
500
500
500
500
500
500
500
500
500
500
500
500
500
500
500
500
500
500
500
500
500
500
500
500
500
500
500
500
500
500
500
500
500
500
500
500
500
500
500
500
500
500
500
500
500
500
500
500
500
500
500
500
500
500
500
500
500
500
500
500
500
500
500
500
500
500
500
500
500
500
500
500
500
500
500
500
500
500
500
500
500
500
500
500
500
500
500
500
500
500
500
500
500
500
500
500
500
500
500
500
500
500
500
500
500
500
500
500
500
500
500
500
500
500
500
500
500
500
500
500
500
500
500
500
500
500
500
500
500
500
500
500
500
500
500
500
500
500
500
500
500
500
500
500
500
500
500
500
500
500
500
500
500
500
500
500
500
500
500
500
500
500
500
500
500
500
500
500
500
500
500
500
500
500
500
500
500
500
500
500
500
500
500
500
500
500
500
500
500
500
500
500
500
500
500
500
500
500
500
500
500
500
500
500
500
500
500
500
500
416
500
500
500
500
500
500
440
450
500
500
500
500
500
500
500
500
500
500
500
500
500
500
500
500
500
500
500
500
500
500
500
500
500
500
500
500
500
500
500
500
500
500
500
500
500
500
500
500
500
500
500
500
500
500
500
500
500
500
500
500
500
500
500
500
500
500
500
500
500
500
500
500
500
500
500
500
500
500
500
500
500
500
500
500
500
500
500
500
500
500
500
500
500
500
500
500
500
500
500
500
500
500
500
500
500
500
500
500
500
500
500
500
500
500
500
459
500
500
500
500
500
500
500
500
432
500
500
500
500
500
500
500
500
500
500
500
500
500
500
500
500
500
500
500
500
500
500
500
500
500
500
500
500
500
500
500
500
500
500
500
500
500
500
500
500
500
500
500
500
500
500
500
500
500
500
500
500
500
500
500
500
500
500
500
500
500
500
500
500
500
500
500
500
500
500
500
500
500
500
500
500
500
500
500
500
500
500
500
500
494
500
500
500
500
500
500
500
500
500
500
500
500
500
500
500
500
500
500
500
500
500
500
500
500
500
500
500
500
500
500
500
500
500
500
500
500
500
500
500
500
500
500
500
500
500
500
500
500
500
500
500
500
500
500
500
500
499
500
500
500
500
500
500
500
500
500
500
500
500
500
500
500
500
500
500
500
500
500
500
500
500
500
500
500
500
500
500
500
500
500
500
500
500
500
500
500
500
500
500
500
500
500
500
500
500
500
500
500
500
500
500
500
500
500
500
500
500
500
500
500
500
500
500
500
500
500
500
500
500
500
500
500
500
500
500
500
500
500
449
500
500
500
500
500
500
500
500
500
500
500
500
500
500
500
500
500
500
500
500
500
500
500
500
500
500
500
500
500
500
500
500
500
500
500
500
500
400
500
500
500
500
500
500
500
500
500
498
499
500
500
500
500
500
500
500
500
500
500
500
500
500
500
500
500
500
500
500
500
500
500
490
500
500
500
500
500
500
500
500
500
500
500
500
500
500
500
500
500
500
500
500
500
500
500
500
500
500
500
500
500
500
500
500
500
500
500
500
500
441
500
500
500
500
500
500
500
500
500
500
500
500
500
500
500
457
471
437
499
500
500
500
500
500
500
500
500
499
493
497
497
500
500
500
500
500
500
500
500
500
500
500
500
500
500
500
500
500
500
500
500
500
500
500
500
491
500
500
500
500
500
500
488
500
500
500
500
500
500
500
500
500
500
500
500
500
479
496
500
500
500
500
500
498
500
500
500
500
500
500
500
500
500
500
500
500
500
500
454
500
500
500
500
500
500
437
500
500
495
500
500
500
429
493
500
500
500
500
435
500
500
500
499
488
500
500
500
500
500
500
500
500
500
500
410
500
500
496
422
499
500
500
500
500
500
500
500
500
500
500
500
500
500
500
500
488
489
473
500
500
500
500
500
500
500
500
500
500
500
500
500
500
500
500
500
500
500
500
500
500
500
500
500
496
500
500
500
500
500
499
500
500
500
500
500
500
500
500
500
500
500
500
500
500
500
500
500
500
500
500
500
500
500
500
500
500
500
500
492
490
500
500
500
500
500
499
433
500
500
500
500
500
500
414
500
500
500
500
500
494
500
500
500
500
498
499
500
462
500
500
500
499
487
500
500
500
500
500
500
473
498
500
496
500
500
500
500
496
487
500
500
500
403
500
500
500
500
500
500
500
500
500
500
496
500
500
500
500
500
500
500
495
500
500
500
500
499
500
500
500
494
493
500
479
500
500
500
500
474
500
500
479
500
470
499
470
500
500
500
500
485
500
499
488
498
500
500
500
500
480
495
500
500
498
500
500
499
499
500
500
500
500
500
500
500
500
500
500
500
397
500
500
500
500
441
500
495
500
500
500
500
500
500
500
500
500
473
409
498
496
497
500
500
500
500
500
500
499
500
500
500
500
500
454
500
500
500
500
500
500
484
450
500
500
500
422
489
494
497
498
500
500
500
500
500
375
478
500
464
499
500
500
500
500
489
480
455
500
499
500
500
500
500
500
500
500
431
481
392
484
500
458
397
500
461
485
454
500
500
500
500
500
500
500
500
500
500
500
470
487
500
500
497
500
500
476
440
463
500
500
500
409
442
500
500
500
483
477
500
500
500
500
470
485
500
361
444
498
500
500
425
477
500
500
500
377
493
500
500
500
474
500
500
500
496
463
410
500
500
500
500
500
500
448
469
500
500
500
456
476
494
453
483
438
498
500
500
500
477
386
491
500
500
451
414
500
500
500
500
500
500
500
390
488
500
500
444
304
500
500
500
440
497
500
500
500
453
500
500
484
406
495
500
500
500
390
500
500
500
500
500
500
461
500
450
494
500
500
500
500
500
500
500
386
479
499
500
499
389
500
498
499
410
360
495
500
499
452
381
500
500
500
454
494
500
500
500
471
500
500
438
384
449
499
500
500
397
490
468
478
500
485
492
500
500
479
352
468
500
500
459
431
500
500
500
500
498
494
500
500
498
497
499
496
500
500
495
500
500
468
500
500
500
449
500
500
500
464
446
500
500
367
427
497
500
500
396
477
500
500
450
327
496
457
497
492
430
500
500
500
479
465
495
500
465
433
492
500
500
361
407
500
500
467
458
421
440
462
500
404
473
466
485
388
470
499
498
493
464
422
487
496
500
460
496
486
498
427
479
495
500
499
426
476
500
500
479
500
470
437
461
472
499
500
500
500
492
489
500
430
491
493
498
459
500
500
469
494
500
469
462
494
496
485
487
495
403
500
436
255
493
473
489
499
500
437
439
405
437
442
404
500
460
490
491
500
456
409
389
499
491
480
498
430
375
464
499
500
415
408
497
478
315
483
457
412
500
350
458
431
499
421
327
475
500
498
363
363
500
500
415
437
447
500
341
340
340
500
500
500
447
421
493
495
333
310
402
500
475
303
455
499
500
458
333
370
384
453
309
413
488
482
500
369
448
500
493
492
244
428
497
500
442
400
475
459
440
309
428
500
438
444
360
434
486
500
293
388
333
404
478
375
496
498
384
379
500
363
490
460
449
366
446
498
285
434
385
471
498
476
374
486
483
356
443
344
479
481
496
483
500
430
469
385
397
371
420
331
380
294
373
494
449
359
427
500
494
365
405
473
485
400
393
468
431
464
380
447
354
350
457
499
359
394
382
463
456
489
500
388
477
498
438
464
498
471
457
386
371
380
500
426
381
349
315
478
416
496
475
453
382
443
417
394
387
338
343
350
371
442
330
311
463
489
382
416
322
435
282
447
465
477
452
417
341
332
335
476
468
356
446
326
439
357
374
331
491
444
378
417
406
448
341
345
394
395
391
269
254
337
456
489
360
315
414
449
291
394
467
421
468
441
254
351
488
349
313
357
446
479
452
226
340
479
444
493
364
331
393
326
369
461
346
373
368
355
428
449
319
355
438
351
369
318
319
491
373
396
240
291
398
433
432
325
351
282
430
496
354
316
378
467
344
306
385
416
413
411
316
480
401
329
252
425
421
264
241
275
372
332
334
399
321
310
391
396
244
244
463
307
360
353
439
342
244
343
398
377
235
293
255
356
371
471
330
199
445
479
402
302
404
313
432
254
329
401
393
281
294
455
422
359
315
401
368
440
417
354
327
399
329
259
279
331
420
421
268
357
404
403
403
202
304
427
271
211
247
357
344
369
293
308
261
398
217
285
323
334
331
369
251
324
371
332
422
343
289
425
281
284
281
404
350
408
221
338
339
320
208
377
244
271
454
229
321
265
384
248
289
292
342
273
380
341
365
187
208
220
308
228
245
321
364
226
341
354
379
361
287
371
401
348
176
308
387
367
351
354
284
307
282
337
271
290
268
291
249
258
357
375
232
187
240
322
255
207
334
271
233
305
162
197
207
370
200
205
268
220
381
208
235
278
316
306
165
227
225
151
232
332
225
283
268
176
202
234
275
267
253
166
303
216
255
208
279
182
318
278
290
163
201
270
196
149
233
213
165
164
160
280
251
187
249
168
205
222
168
278
223
271
285
137
216
265
265
160
190
226
237
223
221
157
253
206
214
184
128
286
183
221
135
130
203
193
348
243
218
237
202
280
160
128
212
279
232
170
219
144
185
176
191
214
227
185
149
154
199
184
149
159
189
139
223
164
208
146
206
203
169
151
200
205
228
194
148
145
190
188
130
177
152
195
292
196
138
189
136
148
113
152
137
152
146
132
186
128
209
117
136
149
209
178
112
175
134
111
122
104
174
143
207
302
153
118
107
139
106
119
140
109
259
136
100
254
164
183
156
150
120
137
153
199
120
104
126
187
122
89
140
158
123
89
84
143
91
187
97
94
127
139
115
78
104
145
199
111
86
116
167
128
90
152
142
206
120
153
116
114
131
204
113
104
121
108
172
130
78
94
109
79
209
107
88
110
148
91
88
84
170
123
83
84
124
193
104
78
80
126
162
121
87
97
109
135
170
85
108
143
152
99
122
92
134
97
86
70
123
93
96
104
70
80
87
139
111
100
68
71
63
118
67
91
112
80
152
61
86
118
107
81
76
99
156
95
77
104
80
101
75
125
105
71
56
68
67
106
110
136
112
66
79
92
111
82
87
66
68
91
64
57
66
100
111
89
97
50
93
81
122
77
74
64
53
81
100
77
93
69
75
78
99
100
84
75
66
64
61
110
63
61
65
65
79
62
56
94
80
59
83
67
66
51
61
59
70
117
77
60
62
68
136
63
61
71
71
59
70
52
58
48
62
77
64
67
78
104
85
70
59
77
108
71
80
62
61
65
48
53
47
80
44
40
50
58
55
66
55
45
73
57
73
49
77
68
50
50
57
74
52
48
50
38
46
51
55
50
52
53
95
50
40
48
52
50
48
41
59
41
59
56
49
46
55
51
50
47
54
43
53
51
43
47
47
53
48
49
69
40
64
46
61
66
46
53
42
59
69
51
52
44
49
63
42
50
41
64
58
45
50
39
42
49
46
49
39
50
48
40
46
44
38
40
46
37
41
53
52
47
47
36
35
33
48
51
50
41
49
41
41
37
45
37
38
39
44
71
45
43
39
47
51
41
39
36
40
40
51
46
50
39
42
43
38
36
52
48
43
42
37
35
55
39
39
44
42
34
50
31
33
49
32
28
47
48
35
30
39
24
38
37
38
41
45
29
37
38
47
39
39
34
37
29
29
35
21
43
47
38
34
27
33
44
53
39
41
35
46
31
35
41
40
32
28
40
36
39
48
41
35
36
43
39
37
37
36
32
49
32
47
41
30
35
37
33
40
35
41
52
41
36
34
47
42
45
37
39
42
39
37
40
30
48
38
46
46
31
43
49
35
34
43
30
39
40
35
42
35
37
36
38
38
33
39
39
27
40
42
31
38
33
33
32
35
37
24
49
42
31
35
34
40
37
34
47
30
35
39
30
28
36
37
34
38
36
45
29
37
34
35
34
35
20
29
31
44
37
34
31
29
36
39
36
39
37
32
34
30
34
38
38
27
34
40
36
36
30
27
40
33
29
30
35
27
34
41
23
33
37
43
38
41
33
33
42
27
47
34
37
42
24
35
38
35
35
38
27
36
32
44
34
45
36
24
41
31
43
34
39
19
33
38
39
31
25
39
42
45
23
37
35
29
39
30
33
29
36
37
31
25
35
30
33
41
35
46
41
31
38
32
42
44
37
39
32
38
35
44
38
30
40
40
27
34
40
47
42
37
37
31
25
34
39
32
32
36
41
44
33
40
39
41
39
35
41
32
31
30
33
41
36
27
39
30
31
40
24
42
26
44
45
40
28
37
38
35
42
53
40
31
54
43
37
47
44
36
39
35
38
37
47
39
48
44
42
37
33
30
29
35
46
43
41
34
44
38
32
42
43
49
34
37
42
42
43
41
40
42
44
38
33
42
41
41
36
43
40
33
54
43
28
35
39
35
39
48
30
31
37
40
31
34
40
35
50
33
46
37
35
46
39
43
29
39
32
46
46
44
42
47
33
39
28
47
37
38
35
36
44
48
47
42
49
41
54
37
39
46
49
36
45
39
41
33
54
39
33
36
39
42
39
34
41
52
59
44
58
45
55
46
39
37
55
32
43
42
31
38
49
32
30
33
35
35
44
37
54
30
46
40
44
52
45
50
33
52
54
44
49
36
45
32
39
51
46
44
37
41
56
42
53
48
46
48
42
48
35
39
44
47
48
59
48
47
40
47
54
35
43
39
48
43
52
48
53
39
47
47
51
55
41
43
45
35
55
47
41
49
45
56
54
44
50
53
43
46
32
39
39
53
49
41
42
38
37
44
41
38
56
51
45
58
45
40
38
45
48
38
42
37
60
46
52
46
43
42
50
37
46
43
32
45
48
44
41
40
51
52
51
44
51
49
54
33
59
59
51
33
42
51
51
61
52
30
50
50
42
48
45
47
51
47
36
49
41
39
51
39
42
32
43
52
39
43
45
41
57
50
44
30
34
45
50
44
51
49
49
37
56
47
41
43
44
45
59
46
54
48
47
49
51
43
43
62
40
45
48
43
47
43
50
39
39
31
48
36
60
39
35
33
42
58
52
45
39
39
35
35
55
47
45
39
44
47
39
50
35
40
37
46
41
39
29
33
52
39
44
49
61
43
42
36
37
40
54
45
47
33
43
39
43
46
36
50
43
59
34
48
39
39
30
39
41
47
42
43
36
36
53
36
45
33
53
49
36
46
42
43
40
38
50
46
43
47
42
39
41
40
42
52
