249700
249827
249766
249634
249528
249534
249503
249523
249528
249608
249797
249816
249910
249871
249891
250101
250087
250206
250109
249865
249996
250183
250008
250066
250115
250061
249978
249813
249730
249779
249678
249689
249604
249601
249648
249474
249303
249262
249312
249387
249357
249473
249424
249439
249465
249549
249556
249747
249845
250009
249919
249949
249990
249984
250084
250230
250198
250115
250174
250055
250041
250139
249848
249880
249779
249723
249760
249457
249329
249495
249679
249563
249464
249465
249505
249518
249595
249793
249682
249781
249839
249976
249950
249998
250111
250111
250224
250174
250321
250438
250377
250400
250270
250250
250173
250222
250244
250091
250054
250039
250131
250111
250251
250252
250160
250177
250222
250345
250562
250734
250722
250695
250543
250658
250663
250645
250837
250626
250595
250541
250600
250526
250507
250432
250182
250454
250398
250265
250324
250326
250455
250363
250183
250085
250072
250029
250035
249888
249794
249859
249908
250016
250184
250251
250321
250263
250186
250255
250292
250224
250001
250007
250100
250108
250113
249979
250244
250278
250307
250402
250505
250351
250465
250574
250572
250457
250475
250489
250270
250200
250298
250211
250224
250179
250164
250269
250293
250235
250326
250325
250406
250430
250656
250733
250739
250761
250605
250655
250674
250694
250763
250924
250774
250725
250735
250751
250573
250263
250381
250270
250161
250141
249992
249845
249771
249716
249721
249787
249781
249818
249728
249605
249502
249696
249604
249620
249622
249653
249534
249566
249840
249962
250001
250169
250193
250383
250316
250292
250236
250197
250227
250125
250264
250301
250277
250289
250241
250017
250152
250139
250160
250046
250250
250024
250001
249965
249994
249913
249811
249678
249734
249669
249520
249499
249531
249479
249569
249370
249384
249381
249413
249452
249426
249297
249318
249327
249408
249596
249537
249590
249596
249625
249766
249741
249636
249620
249624
249754
249692
249817
249875
249835
249820
249907
250044
249903
250072
250252
250093
250148
250091
250077
250049
250062
250000
249992
250197
250233
250349
250276
250159
250150
250161
250122
250195
250199
250308
250389
250167
249969
250056
249981
250120
249997
249969
249857
249914
249883
249963
249934
249710
249755
249708
249769
250048
249981
249907
249904
250059
250207
250201
250416
250366
250269
250268
250222
250340
250287
250236
250119
250029
250079
250168
250213
250118
250096
250147
250268
250212
250049
250150
250228
250396
250521
250445
250361
250358
250364
250232
250363
250513
250437
250646
250507
250491
250265
250083
250023
250180
250266
250135
250260
250341
250213
249986
250038
249968
249876
249680
249473
249522
249509
249607
249544
249562
249588
249476
249653
249774
249647
249555
249487
249393
249465
249678
249816
249816
249945
249895
249818
249704
249714
249700
249568
249723
249707
249566
249481
249201
249190
249510
249285
249426
249430
249388
249522
249310
249281
249278
249382
249291
249260
249234
249105
249143
249187
249222
249267
249266
249432
249484
249322
249334
249491
249406
249500
249402
249427
249209
249172
249300
249498
249563
249491
249647
249794
249793
249738
249924
249980
250012
249981
249956
250014
249889
249803
249888
249794
249823
249750
249857
249891
249940
250047
250133
250208
250110
250163
250204
250198
250156
250236
250270
250230
250081
250126
250074
250077
250132
250157
250254
250279
250146
250217
250166
250067
250175
250195
250258
250195
250247
250401
250347
250257
250026
249922
249978
249960
249911
250101
250063
250079
250040
250000
249986
249856
249864
249953
249946
249988
249935
249867
249653
249573
249559
249779
249803
249755
249705
249898
249943
249891
249954
250117
250221
250141
250030
249963
249935
249946
250002
250056
250135
250167
250261
250206
250249
250242
250256
250152
250159
250160
250209
250073
250130
250090
250068
249959
249972
250060
250122
250017
250019
250146
250186
250172
250217
250131
250091
249882
249894
250066
250112
249985
250047
250032
250030
249928
249913
250043
249961
249965
249977
249987
249943
249871
249835
249900
250079
250025
250234
250108
250263
250346
250307
250364
249923
249830
249954
249872
249899
249895
249790
249783
249840
249787
249799
249891
249831
249732
249728
249663
249696
249857
249870
249795
249883
249888
249944
249931
250017
249749
249704
249849
249818
249651
249642
249690
249734
249713
249850
249926
249967
250044
250121
250045
249993
249826
249702
249612
249556
249767
249591
249639
249597
249526
249621
249722
249769
249825
249728
249655
249772
249731
249653
249639
249489
249743
249660
249846
249646
249776
249794
249999
250218
250282
250470
250274
250371
250541
250486
250406
250540
250502
250547
250522
250455
250568
250537
250444
250471
250409
250424
250332
250380
250418
250309
250383
250454
250490
250341
250538
250468
250613
250662
250769
250694
250565
250610
250433
250415
250319
250179
250102
250128
250002
249956
249911
249884
249991
249873
249863
249667
249746
249861
249736
249727
249669
249754
249764
249770
249816
249854
249932
250030
250238
250281
250323
250497
250593
250605
250534
250424
250231
250270
249993
249978
249930
249957
249982
249890
249879
249783
249798
249724
249740
249663
249745
249861
249872
250104
250078
249933
249881
249781
249738
249897
249813
249972
250121
250201
250266
250369
250352
250371
250300
250231
250087
250028
250082
250139
250087
250006
250089
250206
250020
249919
249923
249819
249973
250134
250315
250322
250150
250230
250245
250147
250222
250308
250236
250162
250144
250039
250097
249958
250086
249993
250023
249903
249825
249800
249852
249950
249844
249956
249940
250036
250077
250062
249891
249799
249754
249774
249871
249792
249775
249635
249913
249987
250026
249958
249862
249947
249882
249915
249875
249754
249662
249684
249561
249574
249662
249769
249880
250092
250120
249924
249967
249987
250117
250133
250168
250276
250171
250118
250037
249936
249985
249612
249622
249625
249711
249648
249701
249680
249468
249150
249017
248990
249010
248936
248911
249201
249202
249103
249199
249291
249349
249389
249395
249461
249610
249520
249533
249442
249416
249431
249360
249521
249584
249578
249646
249709
249798
249809
249848
249746
249549
249527
249811
249779
249927
249758
249899
249735
249760
249894
250089
250190
250198
250300
250253
250183
250277
250183
250019
250119
250130
250065
249928
249927
249819
249861
249847
249862
249824
249624
249655
249798
249990
250138
250158
250012
250143
250249
250237
250296
250133
250099
250117
250154
250129
250140
250116
250143
250161
249995
249936
250010
249925
249814
249772
249782
249675
249592
249606
249533
249414
249389
249516
249607
249789
249855
250026
250089
249975
249972
249955
250127
249924
249924
249898
249895
249882
249764
249872
249938
249905
249886
249781
249719
249793
249611
249396
249248
249421
249386
249528
249616
249579
249582
249417
249604
249578
249617
249533
249506
249532
249632
249666
249563
249544
249655
249852
249865
249895
250104
250101
250090
250092
250130
250050
250066
249927
249884
249807
249774
249782
249796
249898
249762
249578
249539
249682
249631
249676
249849
249767
249638
249640
249673
249673
249801
249665
249552
249645
249627
249642
249662
249657
249610
249798
249882
249943
249884
249899
249781
249698
249762
249809
249799
249744
249732
249802
249775
249902
249888
249853
249806
249782
249764
249705
249833
249808
249733
249873
249903
250017
250060
250019
250140
250166
250367
250161
250181
250216
250333
250253
250209
250103
250212
250041
249992
249965
249999
249973
250033
250118
250164
249998
250054
249989
249922
250019
250048
250084
250275
250231
250334
250252
250246
250278
250142
250265
250123
250074
250186
250094
250027
250006
250120
250145
250214
250080
250191
250028
250085
250053
250178
250084
250041
250049
249940
249945
250055
249927
249845
249892
250060
250077
250026
249985
250064
250024
250064
250196
250148
250221
250062
249972
249962
249966
250050
249937
250018
250021
250077
249836
249968
250076
249944
249972
249964
249939
250022
249919
249959
249825
249804
249916
249941
249926
249848
249797
249651
249693
249612
249482
249645
249612
249542
249562
249563
249654
249798
249839
249859
249698
249809
249821
249912
249709
249744
249772
249829
249917
249869
249819
249910
249921
249981
250012
250092
250009
249943
249985
250051
250120
249984
250046
250023
250093
250051
249825
249903
249956
249930
249597
249500
249364
249286
249379
249354
249476
249424
249514
249557
249661
249681
249798
249768
249898
249829
250044
249966
250100
250045
250154
250346
250277
250127
250278
250277
250163
250100
249952
250037
249978
249961
249936
250130
250122
250298
250466
250435
250052
249965
249912
249985
249933
249851
249938
249934
250016
250156
250008
250077
250149
250001
250201
250374
250474
250477
250415
250489
250430
250189
250137
250060
250179
250190
250285
250276
250136
250190
250170
250163
250163
250107
249965
249997
250257
250163
250387
250340
250162
250165
250120
250334
250316
250281
250261
250260
250131
250159
250203
250266
250153
250232
250144
250283
250343
250279
250286
250331
250465
250638
250655
250702
250483
250340
250252
250428
250538
250589
250594
250689
250471
250443
250420
250493
250468
250534
250545
250439
250305
250496
250467
250369
250268
250135
250065
249989
249769
249689
249353
249287
249324
249439
249498
249579
249692
249638
249603
249675
249640
249694
249858
249791
249761
249700
249891
249935
249960
249834
249853
249836
249765
249637
249583
249545
249572
249534
249636
249472
249458
249577
249691
249753
249865
250010
250091
250097
249958
250035
250030
249999
249918
250022
249966
249775
249789
249753
249879
250017
250122
250097
250137
250107
249970
250039
250082
250030
250232
250058
250214
250271
250428
250314
250340
250503
250532
250378
250286
250381
250340
250463
250496
250439
250513
250436
250517
250623
250573
250510
250402
250082
250047
250013
250081
249882
250047
249893
249588
249669
249765
249974
249852
249893
249892
249433
249419
249369
249490
249475
249656
249426
249467
249362
249286
249258
249236
249255
249205
249211
249175
249128
249199
249314
249343
249437
249500
249045
249055
248943
248842
248473
248387
248387
248550
248814
248921
249120
249174
249060
249047
249088
249087
249103
249081
248963
248994
248838
248823
248777
248516
248646
248542
248655
248673
248843
248830
248801
249044
249011
248866
248943
249038
249003
249218
249328
249327
249571
249550
249517
249603
249759
249794
249793
249779
249943
249983
249991
250005
249876
249762
249799
249735
249690
249752
249887
249882
249879
249807
249898
250001
250020
249971
250103
250249
250420
250343
250413
250478
250512
250450
250555
250541
250408
250515
250496
250531
250616
250621
250537
250545
250480
250355
250457
250284
250169
250097
250052
249997
249669
249447
249415
249490
249592
249522
249745
249385
249322
249195
249219
249223
249158
249090
249248
249126
249280
249208
249176
249127
249229
248944
248895
248925
248901
248901
248822
248857
248875
249027
249196
249150
249227
249087
249168
249491
249476
249525
249504
249571
249509
249375
249389
249568
249595
249657
249329
249343
249654
249666
249815
249760
249783
249763
249960
250065
249986
249819
249914
249933
249811
249981
250019
250054
250060
250169
250100
250096
250051
250207
250173
250057
250095
250085
250104
249942
249993
249750
249946
250045
249993
249979
249690
249707
249737
249614
249570
249399
249457
249170
249149
249280
249230
249282
249073
249096
248965
248962
248997
248939
249029
249079
249076
248885
248927
248982
249283
249211
249307
249347
249309
249205
249263
249211
249348
249434
249444
249347
249389
249391
249174
249098
249241
248725
248789
248697
248584
248673
248386
248284
248278
248191
248134
248234
248319
248277
248391
248500
248532
248596
248605
248161
248046
248041
247867
247790
247925
248096
248052
248136
248350
248207
248240
248233
248060
248082
248109
247692
247669
247584
247635
247763
247858
247887
248009
247860
247925
247898
247958
247593
247593
247731
247937
248047
248212
248280
248344
248270
248256
247853
247717
247858
247755
247952
247968
247965
248007
247964
247999
247956
247915
247981
248119
248249
248197
248193
248241
248145
248221
248391
248075
248033
247680
247697
247728
247426
247193
247273
247141
247153
246988
247252
247572
247686
247819
247886
248030
248047
248285
248274
248311
248402
248218
248145
248124
248304
248396
248275
248438
248417
248281
248022
247905
248063
248387
248010
247833
248125
248167
248123
248122
248005
248061
248181
248198
248255
248103
247931
248233
247772
247710
247700
247734
247708
247502
247678
247908
248124
248192
247633
247760
247796
247940
248009
247975
247878
247877
247984
247999
247830
247340
247437
247618
247726
247702
247721
247718
247547
247401
247564
247587
247655
247342
247375
247498
247320
247267
247143
247234
247311
247548
247604
247419
246934
246831
246920
246908
246644
246321
246443
246634
246734
246719
246872
247054
247078
246662
246816
246991
247165
246931
246100
246359
246618
246888
246747
246832
246960
247290
247510
247392
247430
247706
247825
247387
247502
247623
247643
247765
247560
247595
247832
248015
248080
248126
248195
248182
248160
248034
248168
248411
248579
248801
248859
249083
249239
249370
249099
248986
248928
249070
249264
248631
248614
248631
248896
248381
247659
247658
247873
247821
247715
247147
247376
247460
247568
247418
247435
247615
247782
247909
247804
247918
248216
247856
247421
246995
247203
247354
247460
247002
247022
246917
246830
246895
246861
246934
247112
247244
247180
246393
246389
246638
246702
246402
246156
246411
246498
246414
246593
246675
246716
246870
246976
246892
247029
247255
247333
247432
247439
247525
247616
247906
247879
247851
247872
247935
247590
247931
248024
247938
247783
247539
247572
247539
247197
246908
246951
246787
246724
246353
246219
246135
246176
245978
245287
245265
245181
245416
245484
245323
245384
245610
245890
245874
245789
246047
246289
246434
246329
246204
246387
246399
245984
245720
245847
245973
246107
245963
245799
245649
245570
245773
245449
245581
245646
245710
245384
245192
245338
245678
245857
245857
245446
245631
245776
245982
245620
245937
245973
246147
245961
245841
246070
246192
246370
246104
246046
246159
246277
246328
246531
246546
246266
246212
246224
246343
246397
246451
246549
246600
246613
246827
246519
246497
246636
246687
246557
246748
246848
246863
246815
246946
246788
246547
246669
246801
246747
246802
246817
246559
246743
246428
245608
245831
245782
245720
245634
245875
245767
245692
245363
245073
244897
244697
244982
244790
244971
244958
245197
245140
244813
244506
244611
244667
244864
244975
244784
244274
244159
244258
244509
244340
244007
244163
244292
243689
243632
243415
243126
243456
243131
242946
242901
243220
243191
242583
242746
243067
243416
242816
242470
242673
242866
242668
242519
242341
242434
242088
241583
241062
241207
241576
241873
241774
241577
241704
241932
241364
240857
240687
240888
241088
240496
240461
240730
241110
241363
240852
240552
240538
240681
240114
240057
240249
240538
241239
240817
240757
241142
241388
241813
241125
241074
241519
241798
241661
241336
241464
241443
241555
240993
240843
241186
241136
241184
240718
240790
240964
241405
240841
240604
240116
240023
240312
240329
240672
241029
240791
240697
240915
240556
240853
241056
241043
240788
240741
241041
240431
240227
240044
240234
240499
240719
240262
240659
240751
240383
240373
240171
240353
240549
240766
241030
241419
241330
241268
241050
240878
240756
240423
240050
239818
239222
239097
239541
239675
239566
239581
239992
240478
240370
240334
240481
240794
240661
240427
240785
240631
240840
240642
240525
240008
239867
240111
240447
240147
239884
239826
239963
240088
240405
240954
240593
240972
241112
241028
240933
241195
241404
241238
241069
240676
240356
240650
240344
240036
239599
239222
239351
239372
239783
240067
240264
240014
240014
239711
239645
239446
239097
238953
238504
238387
238569
238211
237860
238202
238569
238484
238387
237994
237977
237637
237910
238267
238633
238875
238801
238321
238183
237746
237989
238253
238116
238083
237666
237809
237544
237153
236678
237221
237635
237475
237346
237422
237494
237154
236890
236749
236648
236317
235827
235227
234788
234848
235313
235331
235178
235143
235252
234788
234711
235051
235006
235468
235703
235153
234898
235407
235262
234963
234666
234820
235168
235426
234939
234774
235265
235547
235942
235813
235239
235079
234579
234656
234883
234555
234433
234377
234176
234305
234635
234313
234126
234342
234201
234191
233914
233521
234154
233924
233978
233394
232954
232861
232858
233027
232704
232770
232263
232497
233437
233458
233035
232990
233323
233204
232775
232870
232891
233184
233150
232828
233239
233212
233018
232532
232702
232818
232280
231836
231269
231336
231186
230948
231081
230825
230442
230711
230819
230333
229910
230010
229746
229545
229546
229972
229735
229212
229049
228937
229136
228648
228473
227991
227907
227908
228376
228244
227794
228300
228981
229100
228861
229004
228714
229028
228582
228440
228670
228707
228456
228255
228502
228805
228680
228471
228657
228596
229101
229332
229251
229242
229579
229591
229254
228834
228664
228948
229195
228669
228512
228610
228739
228877
228434
228147
228700
228449
227915
227486
227476
227448
227602
227318
227034
226558
226762
226297
226143
226193
226146
225913
225815
225393
225152
225337
225255
225587
225593
225347
225956
225668
225286
224964
225167
225443
225671
225190
225114
224947
224720
224317
224542
224130
223916
224562
224061
223783
223702
223957
223766
223628
223518
223549
223410
223643
223710
223877
223393
222933
222663
222502
222232
222134
222227
222449
222193
222161
222485
222712
222704
222464
222651
222915
222884
222451
222280
222640
223085
223428
223581
223370
223216
223007
223251
222949
222623
222389
222170
221907
221605
221643
221854
221609
221192
220863
221145
220821
220520
220498
220300
220039
220080
219742
219339
219046
219436
219162
218853
218589
218420
218763
218519
218245
218237
218183
218537
218196
217903
217752
217421
217412
217658
217429
217428
217197
216841
216551
216112
215980
215961
215951
215564
215640
215383
215355
215335
215687
215489
215707
215804
215718
215424
215134
214914
214662
214319
214091
213840
213590
213194
212889
213078
212974
212751
212758
212538
212365
212209
211899
211840
211686
211605
212026
211768
211521
211754
211869
211581
211371
211369
211283
211079
210863
210586
210723
210502
210335
210091
209837
209930
209667
209515
209219
208950
208841
208739
209310
209315
209156
208999
208882
208988
208747
208422
208377
208448
208385
208183
208090
207869
207725
207470
207277
207140
207107
207015
206691
206474
206332
206154
205956
205777
205558
205326
205441
205345
205406
205172
205114
205031
204907
204770
204741
204707
204709
204545
204356
204107
204049
203958
203724
203583
203405
203430
203820
203756
203579
203462
203219
202984
202767
202594
202361
202268
202098
201907
201886
201677
201623
201418
201219
201067
201145
201200
201008
200991
200781
200582
200392
200134
200119
199922
199886
200263
200051
199804
199597
199406
199272
199085
198916
198757
198836
198743
198554
198621
198604
198501
198427
198379
198198
198044
197979
198003
197813
197612
197434
197298
197178
197007
196839
196796
196634
196446
196264
196216
196131
196327
196116
195922
195806
195684
195604
195428
195274
195166
195215
195073
194912
194813
194766
194680
194554
194435
194277
194396
194281
194257
194167
193960
193852
193978
193899
193740
193608
193509
193533
193545
193416
193238
193116
193022
193358
193157
193033
192892
192797
192649
192511
192367
192327
192333
192209
192061
191975
192042
191966
191827
191703
191560
191631
191582
191438
191300
191255
191258
191435
191313
191199
191149
191109
190932
190911
190813
190760
190669
190507
190367
190356
190230
190148
190034
189937
189782
189672
189709
189606
189517
189395
189275
189179
189183
189076
188972
188865
188724
188783
188688
188573
188442
188395
188297
188154
188075
188039
187961
187818
187685
187587
187507
187405
187321
187196
187083
186992
186902
186836
186734
186659
186643
186582
186466
186353
186287
186225
186094
185986
185890
185806
185720
185635
185537
185459
185391
185352
185282
185277
185189
185154
185066
185017
184895
184773
184674
184566
184484
184428
184335
184280
184188
184102
184003
183931
183839
183755
183656
183549
183485
183398
183346
183254
183146
183059
182973
182847
182744
182673
182632
182564
182479
182403
182308
182220
182141
182043
181987
181904
181894
181813
181728
181602
181490
181540
181428
181378
181321
181226
181137
181056
180973
180883
180798
180725
180662
180575
180487
180414
180437
180370
180310
180216
180175
180209
180128
180084
180011
179934
179848
179760
179663
179600
179545
179488
179420
179341
179290
179203
179155
179111
179063
179038
178996
178944
178869
178802
178734
178646
178587
178531
178447
178373
178318
178229
178197
178123
178053
177988
177948
177875
177810
177797
177728
177667
177585
177540
177495
177480
177428
177352
177291
177219
177143
177059
177022
176952
176865
176789
176723
176657
176594
176548
176510
176442
176380
176363
176299
176225
176173
176121
176027
175945
175879
175786
175765
175718
175654
175600
175528
175453
175409
175341
175292
175231
175127
175048
174984
174936
174893
174831
174761
174693
174651
174618
174554
174493
174442
174377
174321
174273
174218
174144
174062
174020
173969
173909
173876
173815
173738
173666
173598
173523
173476
173439
173392
173304
173225
173170
173102
173067
173023
172966
172915
172860
172820
172772
172726
172667
172660
172598
172549
172483
172423
172391
172351
172315
172266
172209
172165
172098
172040
171960
171895
171841
171796
171744
171705
171656
171579
171514
171472
171434
171400
171336
171279
171214
171160
171110
171076
171016
170977
170942
170915
170864
170828
170773
170703
170653
170603
170537
170496
170459
170425
170367
170331
170272
170237
170180
170124
170059
170004
169947
169905
169854
169800
169762
169714
169676
169637
169560
169505
169461
169425
169381
169309
169240
169188
169136
169090
169020
168993
168959
168929
168895
168867
168829
168779
168736
168695
168644
168591
168550
168489
168459
168418
168373
168336
168285
168244
168214
168167
168100
168060
168034
167986
167934
167886
167835
167782
167735
167697
167655
167619
167574
167545
167497
167455
167383
167342
167284
167229
167191
167146
167104
167026
166961
166908
166842
166791
166737
166704
166660
166621
166567
166532
166460
166408
166365
166326
166279
166234
166197
166151
166098
166056
166006
165955
165916
165877
165833
165795
165753
165696
165657
165612
165561
165506
165476
165408
165377
165324
165285
165240
165181
165132
165086
165048
165018
164959
164901
164861
164810
164752
164704
164669
164611
164563
164489
164443
164396
164341
164308
164266
164231
164206
164161
164122
164077
164019
163985
163946
163899
163857
163804
163744
163695
163642
163608
163554
163509
163453
163399
163338
163306
163267
163216
163169
163111
163082
163054
163005
162948
162909
162869
162816
162759
162718
162660
162633
162601
162553
162499
162430
162381
162325
162283
162220
162183
162123
162070
162010
161962
161946
161894
161832
161791
161738
161689
161656
161618
161584
161535
161500
161448
161404
161362
161320
161269
161226
161185
161141
161107
161031
160994
160957
160915
160865
160822
160743
160673
160642
160583
160542
160512
160455
160402
160368
160332
160275
160205
160169
160135
160070
160035
159996
159939
159900
159837
159782
159740
159677
159628
159567
159519
159467
159413
159357
159280
159233
159182
159128
159082
159010
158916
158885
158830
158765
158685
158595
158546
158500
158464
158438
158396
158341
158300
158249
158197
158128
158068
158010
157939
157876
157813
157756
157688
157632
157592
157553
157501
157455
157395
157335
157292
157212
157168
157130
157083
157055
157005
156981
156916
156839
156790
156742
156690
156611
156552
156493
156406
156352
156285
156213
156152
156079
156003
155939
155878
155816
155775
155700
155634
155555
155493
155419
155322
155259
155202
155153
155108
155057
155002
154945
154863
154794
154740
154692
154635
154592
154511
154445
154371
154324
154263
154174
154128
154048
153993
153923
153847
153781
153707
153669
153594
153513
153435
153376
153282
153207
153168
153060
152997
152948
152876
152811
152751
152700
152620
152570
152505
152427
152367
152293
152220
152140
152085
152000
151923
151824
151748
151692
151592
151522
151465
151392
151317
151256
151167
151090
151028
150971
150872
150809
150722
150671
150559
150482
150401
150336
150266
150191
150111
150026
149941
149821
149742
149610
149523
149451
149339
149269
149202
149108
149055
148991
148936
148849
148751
148713
148656
148569
148497
148419
148371
148278
148186
148113
148037
147938
147853
147757
147650
147571
147497
147407
147339
147251
147159
147106
147013
146918
146842
146767
146688
146617
146556
146484
146381
146285
146195
146083
146011
145927
145826
145736
145626
145550
145435
145307
145202
145111
145040
144948
144888
144821
144739
144653
144571
144488
144401
144226
144126
144007
143896
143769
143675
143592
143488
143387
143313
143246
143159
143060
142902
142760
142644
142531
142430
142316
142236
142146
142059
141916
141844
141729
141599
141462
141379
141286
141199
141051
140909
140801
140659
140526
140404
140269
140182
140044
139943
139848
139703
139577
139469
139352
139231
139125
139001
138912
138833
138737
138617
138495
138386
138295
138193
138086
137975
137874
137783
137677
137575
137447
137302
137185
137072
136987
136874
136725
136637
136516
136405
136253
136123
135977
135872
135728
135610
135470
135380
135266
135144
135058
134933
134800
134687
134575
134465
134322
134189
134076
133970
133821
133681
133521
133413
133258
133096
132962
132850
132745
132627
132465
132290
132165
132081
131938
131775
131656
131524
131396
131275
131137
131027
130933
130793
130712
130615
130493
130378
130203
130126
130016
129878
129790
129699
129568
129468
129308
129156
129059
128986
128889
128761
128582
128482
128347
128176
128046
127936
127725
127598
127485
127355
127248
127107
126953
126814
126618
126469
126378
126205
126033
125922
125760
125630
125493
125327
125192
125078
124945
124827
124685
124570
124423
124312
124178
124088
123903
123793
123711
123606
123477
123278
123122
122957
122843
122664
122578
122458
122271
122099
121968
121857
121704
121542
121365
121220
121132
120984
120862
120710
120590
120478
120375
120268
120124
119977
119861
119690
119480
119341
119192
119065
118944
118836
118622
118450
118318
118205
118098
118008
117896
117752
117649
117497
117391
117189
117117
116920
116765
116631
116516
116417
116244
116092
115982
115842
115727
115583
115412
115287
115132
115032
114860
114716
114578
114422
114250
114113
113976
113849
113710
113512
113332
113188
113067
112943
112769
112634
112511
112328
